2022 94
NOAA 15                 
1 25338U 98030A   22093.83973029  .00000166  00000+0  87801-4 0  9998
2 25338  98.6529 124.3218 0011049 150.3112 209.8698 14.26104000242380
DMSP 5D-3 F15 (USA 147) 
1 25991U 99067A   22093.89519862  .00000182  00000+0  11461-3 0  9997
2 25991  99.0500  84.2102 0010930  44.8200  66.8526 14.16514421153213
METEOSAT-8 (MSG-1)      
1 27509U 02040B   22093.58928847  .00000132  00000+0  00000+0 0  9990
2 27509   7.9017  51.0424 0001973 310.7544  83.6559  1.00270051 71863
DMSP 5D-3 F16 (USA 172) 
1 28054U 03048A   22093.92578896  .00000118  00000+0  86211-4 0  9995
2 28054  98.9853  84.3658 0007598 160.6379 260.9221 14.13661050952508
NOAA 18                 
1 28654U 05018A   22093.84048831  .00000222  00000+0  14360-3 0  9993
2 28654  98.9546 164.3203 0014487 178.2859 181.8365 14.12707372869448
METEOSAT-9 (MSG-2)      
1 28912U 05049B   22093.58271883  .00000142  00000+0  00000+0 0  9993
2 28912   5.8537  66.7571 0000664 251.9508 118.4211  1.00432616 59645
EWS-G1 (GOES 13)        
1 29155U 06018A   22093.80593459  .00000031  00000+0  00000+0 0  9998
2 29155   0.4070  96.8725 0001955 157.4241 289.4375  1.00273930 27985
DMSP 5D-3 F17 (USA 191) 
1 29522U 06050A   22093.85426346  .00000170  00000+0  11223-3 0  9994
2 29522  98.7722 110.2898 0010990 111.7841 248.4503 14.14084936795364
FENGYUN 3A              
1 32958U 08026A   22093.85079821  .00000145  00000+0  89807-4 0  9994
2 32958  98.4945  59.5643 0007750 235.2027 124.8421 14.18699532717645
FENGYUN 2E              
1 33463U 08066A   22093.90882741 -.00000202  00000+0  00000+0 0  9997
2 33463   5.7420  65.7185 0004681 355.0756 184.8647  1.00264005 48694
NOAA 19                 
1 33591U 09005A   22093.83333336  .00000140  00000+0  10055-3 0  9991
2 33591  99.1572 126.3715 0014433  41.1833 319.0425 14.12544230677657
GOES 14                 
1 35491U 09033A   22093.64161635 -.00000098  00000+0  00000+0 0  9991
2 35491   0.1435  89.9719 0011781 133.8755  94.5718  1.00272389 46714
METEOR-M 1              
1 35865U 09049A   22093.89835958  .00000131  00000+0  78096-4 0  9998
2 35865  98.5208  66.8045 0003443  85.0230 275.1341 14.22316515650949
DMSP 5D-3 F18 (USA 210) 
1 35951U 09057A   22093.86642139  .00000272  00000+0  16764-3 0  9996
2 35951  98.7170  75.1155 0010120 303.5177  56.5028 14.13467456642594
GOES 15                 
1 36411U 10008A   22093.72341183  .00000050  00000+0  00000+0 0  9992
2 36411   0.1160 107.9285 0001401 315.1590 260.9539  1.00270824 44272
COMS 1                  
1 36744U 10032A   22093.83166472 -.00000350  00000+0  00000+0 0  9990
2 36744   0.8740  94.2176 0000756 272.1327 253.3286  1.00271875 35699
FENGYUN 3B              
1 37214U 10059A   22093.78336390 -.00000034  00000+0  62244-5 0  9997
2 37214  99.0935  98.4263 0021738 203.3670 156.6509 14.14247466590407
SUOMI NPP               
1 37849U 11061A   22093.84155529  .00000085  00000+0  60980-4 0  9994
2 37849  98.7272  33.4492 0001063  97.5143 337.6672 14.19553444540612
FENGYUN 2F              
1 38049U 12002A   22093.82843765 -.00000361  00000+0  00000+0 0  9997
2 38049   3.6108  80.2260 0004749   6.7035 155.4191  1.00264551 37489
METEOSAT-10 (MSG-3)     
1 38552U 12035B   22093.80794138  .00000055  00000+0  00000+0 0  9998
2 38552   1.4216  36.2464 0001847 254.1951 202.0074  1.00264652 35460
METOP-B                 
1 38771U 12049A   22093.88517574  .00000129  00000+0  78751-4 0  9996
2 38771  98.7041 154.7121 0000328 119.7437 357.7506 14.21489838495147
FENGYUN 3C              
1 39260U 13052A   22093.78883287  .00000080  00000+0  61233-4 0  9994
2 39260  98.4636 125.6530 0012108 126.3563 233.8720 14.15908793441357
METEOR-M 2              
1 40069U 14037A   22093.74050245  .00000024  00000+0  30485-4 0  9996
2 40069  98.4384 114.9321 0005850 166.6126 193.5198 14.20701490401250
HIMAWARI-8              
1 40267U 14060A   22093.83410684 -.00000282  00000+0  00000+0 0  9991
2 40267   0.0305 108.4455 0000967 283.4105 241.2084  1.00271153 27360
FENGYUN 2G              
1 40367U 14090A   22093.82599554 -.00000308  00000+0  00000+0 0  9997
2 40367   1.7482  90.1111 0002572 342.5216 156.6404  1.00271052 26648
METEOSAT-11 (MSG-4)     
1 40732U 15034A   22093.88521693 -.00000009  00000+0  00000+0 0  9995
2 40732   0.1911  16.3328 0000699  51.4581  83.2739  1.00264094 24634
ELEKTRO-L 2             
1 41105U 15074A   22093.87501215 -.00000119  00000+0  00000+0 0  9993
2 41105   2.8003  88.9720 0000726  25.9705  17.8194  1.00271660 23124
HIMAWARI-9              
1 41836U 16064A   22093.83419406 -.00000281  00000+0  00000+0 0  9990
2 41836   0.0112 196.6030 0000916 184.5164 252.0663  1.00272914 19794
GOES 16                 
1 41866U 16071A   22093.86288883 -.00000254  00000+0  00000+0 0  9997
2 41866   0.0644 288.7383 0000782 114.3550  24.4794  1.00271499 19717
FENGYUN 4A              
1 41882U 16077A   22093.89873550 -.00000336  00000+0  00000+0 0  9996
2 41882   0.2161 284.8007 0005302 199.9558 135.5804  1.00273171 19581
CYGFM05                 
1 41884U 16078A   22093.89911645  .00004917  00000+0  25235-3 0  9996
2 41884  34.9561 306.0025 0014488 146.0423 214.1219 15.15831390293466
CYGFM04                 
1 41885U 16078B   22093.25272331  .00005149  00000+0  26043-3 0  9995
2 41885  34.9490 299.6741 0013158 157.1472 202.9827 15.16343791293408
CYGFM02                 
1 41886U 16078C   22093.83756534  .00004496  00000+0  22743-3 0  9999
2 41886  34.9586 298.2091 0013824 156.5098 203.6248 15.16367726293572
CYGFM01                 
1 41887U 16078D   22093.89059872  .00004603  00000+0  23785-3 0  9994
2 41887  34.9527 308.3143 0014998 145.3384 214.8307 15.15605291293410
CYGFM08                 
1 41888U 16078E   22093.89764642  .00004800  00000+0  24478-3 0  9992
2 41888  34.9498 301.2651 0014266 157.1037 203.0313 15.16064284293541
CYGFM06                 
1 41889U 16078F   22093.88435779  .00004935  00000+0  24946-3 0  9997
2 41889  34.9577 296.6114 0012761 156.9418 203.1869 15.16381589293524
CYGFM07                 
1 41890U 16078G   22093.60251370  .00004881  00000+0  24711-3 0  9992
2 41890  34.9514 297.1970 0012560 158.8560 201.2672 15.16332528293462
CYGFM03                 
1 41891U 16078H   22093.86417488  .00004955  00000+0  25087-3 0  9994
2 41891  34.9544 296.0171 0012089 159.3937 200.7264 15.16329394293498
FENGYUN 3D              
1 43010U 17072A   22093.76139417  .00000062  00000+0  50979-4 0  9990
2 43010  98.8085  38.7590 0002899 100.5756 259.5756 14.19190242227173
NOAA 20                 
1 43013U 17073A   22093.86224199  .00000094  00000+0  65338-4 0  9997
2 43013  98.7512  33.5020 0000696  78.0738 282.0516 14.19536839226645
GOES 17                 
1 43226U 18022A   22093.72896639  .00000091  00000+0  00000+0 0  9994
2 43226   0.0493 296.5389 0000249  77.5461 303.1610  1.00273828 15025
FENGYUN 2H              
1 43491U 18050A   22093.82189628 -.00000134  00000+0  00000+0 0  9992
2 43491   0.9600  98.6776 0003357  19.6369  88.9258  1.00270566 14049
METOP-C                 
1 43689U 18087A   22093.89954136  .00000128  00000+0  78430-4 0  9991
2 43689  98.6921 155.0493 0001820 241.4684 118.6311 14.21493563176715
GEO-KOMPSAT-2A          
1 43823U 18100A   22093.78326197 -.00000350  00000+0  00000+0 0  9996
2 43823   0.0497  34.9172 0001591  16.3120 191.0741  1.00272773 12226
METEOR-M2 2             
1 44387U 19038A   22093.79690898  .00000007  00000+0  22539-4 0  9990
2 44387  98.7139  55.2076 0002293 108.8187 251.3246 14.23703498142785
FENGYUN 3E              
1 49008U 21062A   22093.80874856  .00000018  00000+0  29096-4 0  9992
2 49008  98.7116  96.9454 0001417 177.4893 182.6286 14.19823638 38722
GOES 18                 
1 51850U 22021A   22092.92713080 -.00000192  00000+0  00000+0 0  9992
2 51850   0.0336 307.9745 0000285 193.1132 294.5435  1.00273289   401
